actor -0.66174 1.02 -0.17757 -0.31617 0.6497 1.2123 -0.29988 -0.29923 -0.98751 1.0128 -0.034051 0.84036 -0.27772 0.88494 1.1328 -0.53964 0.73731 0.78316 -1.0973 0.28425 -0.072976 1.3213 0.092697 0.52691 0.45766 -1.3744 -0.40462 -0.46926 -0.71024 0.25893 1.6228 -0.32048 0.62823 -0.44291 0.81836 0.51277 0.23652 -0.01136 -0.47835 -0.91881 0.099026 2.2304 -0.3455 -1.1817 -0.64932 -0.71242 -0.27322 -1.0892 -0.32238 1.3101
actress -0.50281 1.3602 -0.79567 0.17978 0.30326 2.0034 -0.29183 -0.13314 -0.22833 0.74604 0.29479 0.058113 0.080724 0.60262 1.3897 -0.49205 -0.1202 0.46184 -0.25282 0.60568 0.1024 2.1639 0.52841 0.73382 0.68283 -1.2 -0.59849 -0.15926 -1.1145 -0.49408 1.1492 0.2328 0.85071 -0.28973 0.60732 -0.051936 -0.14617 0.34957 -0.50612 -1.5682 -0.078745 1.7379 0.46563 -1.991 -0.69053 -1.0609 -0.37481 -1.713 -0.14678 0.94823
analyses 0.90611 -0.10053 -0.13987 0.15679 -0.35686 0.47527 0.23085 -0.50055 0.56248 -0.11704 0.048721 -0.12083 -0.035445 0.32092 -0.54771 -0.22459 -0.03734 -0.77188 0.25732 -0.39556 0.26909 -0.12627 1.243 -0.57299 0.48998 0.18123 -1.5753 -0.23546 -0.76633 0.26814 1.5995 -0.8852 0.11832 -1.452 0.32247 -0.084704 -0.2299 0.82234 -0.10373 0.16448 0.20079 -0.86429 0.3428 0.48358 0.58366 -0.58325 1.1959 2.0247 0.17463 0.16182
analysis 0.47168 0.25095 0.078363 0.33009 0.32782 0.47325 0.16805 -0.99997 0.8607 0.018286 -0.022716 -0.16986 -0.33896 0.10096 -0.29278 -0.18954 0.063336 -0.64536 -0.098547 -0.46883 0.26338 -0.063779 0.51437 -0.34739 0.26537 -0.58654 -1.2527 -0.20557 -0.31604 0.59308 2.8329 -1.2396 -0.23409 -1.66 0.047692 -0.23141 -0.14241 0.74129 0.69887 0.14877 0.6547 -0.29812 0.10476 0.56112 -0.015528 0.099004 1.3858 1.8129 0.3804 0.83921
ate 0.66071 -0.71669 -0.51879 -0.8931 1.3796 0.044175 -0.89961 0.13954 0.034536 -0.032496 -0.26456 -0.019373 1.2057 0.13313 1.1434 0.0953 -0.3776 0.65156 -0.333 -0.47706 0.22037 0.16397 1.7295 0.42478 0.45541 -0.45791 -0.50402 0.64194 0.70023 -0.36695 1.1529 0.63793 0.14925 1.2352 0.085218 0.088941 -0.31941 1.08 0.98891 0.19876 -0.45507 0.20675 -0.32597 0.76488 1.1778 0.32119 -0.49172 -0.65999 0.050458 0.24406
aunt 0.7072 1.0924 -0.45604 -0.50895 0.34313 1.1648 -0.90664 0.68657 -0.09165 0.0092483 -0.30478 1.112 0.61669 -0.43795 0.71693 0.13566 -1.0872 -0.078036 0.90382 0.55606 -0.020368 1.199 0.26578 0.39756 1.2038 -1.1218 -0.822 -0.13808 0.57074 -0.53226 0.54479 0.16153 -0.031224 0.74007 0.42081 -0.0019822 -0.38907 0.13462 0.86096 -0.45056 -0.13653 0.66556 -0.15616 -0.65146 0.25354 -0.14762 -0.28118 -1.9549 0.41035 0.40421
babies 0.69898 -0.056312 0.34178 -1.4674 0.54603 1.7752 -0.57618 -0.60623 0.83499 0.42334 0.50787 -0.57778 1.0339 0.27791 1.4515 0.58806 -0.96275 0.33018 0.45507 -0.24377 -0.15741 0.95016 0.71083 0.23539 0.66137 -0.61362 -0.50664 -0.24646 0.32122 -0.50601 1.5551 1.1833 -0.19435 0.40841 0.50837 0.11851 0.82978 -0.22482 0.84309 -0.27989 -1.2027 -0.50551 0.49102 0.5024 1.5571 -0.025314 -0.032675 -0.68783 -0.072284 -0.22732
baby 0.54936 0.22994 -0.035731 -0.91432 0.70442 1.3736 -0.99369 -0.50342 0.5793 0.34814 0.23851 0.54439 0.34322 0.57407 1.3732 0.46358 -0.72877 0.28868 0.10006 -0.2302 -0.12893 0.7033 0.39612 0.26045 0.26971 -1.3036 -0.93774 0.27053 0.60701 -0.66894 1.9709 0.6796 -0.69439 1.038 0.51364 0.23022 0.36456 -0.30902 1.1395 -1.1466 -0.78887 0.054432 -0.069112 -0.24386 1.4049 0.091876 0.23131 -1.3028 0.3246 0.10741
bad -0.17981 -0.40407 -0.1653 -0.60687 -0.39656 0.12688 -0.053049 0.38024 -0.51008 0.46593 -0.30818 0.79362 -0.85766 -0.25143 1.0448 0.18628 0.13688 0.092588 -0.2236 -0.13604 -0.19482 0.057702 0.56133 0.24823 0.627 -1.8437 -1.2573 0.64482 1.2787 -0.29522 3.0493 0.62079 0.90369 -0.030099 -0.13091 0.30525 -0.070138 -0.12912 0.72277 -0.79774 -0.70277 0.038009 0.27192 0.35679 0.26493 0.13037 -0.01369 0.33713 0.99956 0.72031
berlin 0.43801 0.78553 -0.19659 -1.3375 -0.078397 -0.37857 -0.19059 0.31307 -0.99329 -0.50101 0.15781 -0.99817 -1.0697 0.47282 0.5135 0.069309 0.47158 -0.094145 -0.92403 0.93513 1.6719 -0.38873 -0.69136 0.51696 -0.28509 -1.5811 -0.43986 0.38553 -0.97072 -0.346 1.5268 0.38354 0.15708 -0.66334 -1.3933 -0.44692 0.80848 0.94992 0.22149 0.3744 0.47636 -0.45211 0.48729 -1.2534 0.031507 0.35762 -0.074152 -0.098307 -0.27759 -0.084488
better -0.1209 -0.16821 0.24099 -0.30287 0.43578 -0.38367 -0.55203 -0.28681 -0.10092 0.47769 0.28969 0.29549 -0.44074 -0.13494 0.26022 0.45371 0.53749 0.06122 0.24366 -0.87761 -0.56241 0.24927 0.17941 -0.016943 0.57974 -1.3546 -0.53161 -0.26451 0.68211 -0.30482 3.7943 0.96326 -0.073896 -0.41032 0.24478 -0.14579 -0.086789 0.995 0.049928 -0.60302 -0.36585 -0.10114 0.40423 0.25951 0.087927 0.06196 0.075266 0.12755 0.066461 1.1163
big -0.32396 0.30786 0.2859 0.3718 0.10526 0.10052 -0.98277 -0.072153 -0.11142 0.45271 -0.79607 0.25116 -0.51931 0.37099 0.39548 -0.047569 0.93469 0.31508 -0.63288 -0.88939 -0.12822 -0.66293 -0.2379 -0.070894 -0.089608 -1.6695 -1.1222 0.396 0.58173 -0.91747 3.4002 1.0156 0.56367 0.55291 -0.070436 0.1004 -0.48305 -0.036555 0.38574 -1.0722 -0.76553 0.32584 -0.58773 0.21893 0.23514 0.31318 -0.11412 -0.090951 -0.13374 0.47298
bigger 0.6057 -0.094638 0.84212 -0.16662 0.55662 0.0835 -0.15626 -0.1632 0.093989 0.32828 -0.21138 -0.19972 -0.17425 0.13159 0.53072 0.61031 0.86814 0.53084 -0.27766 -1.1602 -0.080529 -0.80348 -0.46839 0.055816 0.0038155 -1.1371 -0.69246 0.41399 0.72417 -0.23072 2.6914 1.2749 0.58283 0.09098 -0.20921 0.035626 -0.43839 0.21022 -0.32767 -1.1243 -0.55608 0.072933 -0.001306 0.091655 -0.006332 0.080233 0.084229 0.3206 -0.30612 0.47968
bird 0.78675 0.079368 -0.76597 0.1931 0.55014 0.26493 -0.75841 -0.8818 1.6468 -0.54381 0.33519 0.44399 1.089 0.27044 0.74471 0.2487 0.2491 -0.28966 -1.4556 0.35605 -1.1725 -0.49858 0.35345 -0.1418 0.71734 -1.1416 -0.038701 0.27515 -0.017704 -0.44013 1.9597 -0.064666 0.47177 -0.03 -0.31617 0.26984 0.56195 -0.27882 -0.36358 -0.21923 -0.75046 0.31817 0.29354 0.25109 1.6111 0.7134 -0.15243 -0.25362 0.26419 0.15875
birds 1.4552 -0.14639 -0.81115 -0.82527 0.53932 0.31705 -1.2057 -1.0493 1.0798 -0.68083 0.3313 0.32213 2.2969 0.55405 0.43619 0.29305 0.63575 -0.3102 -1.8149 -0.34224 -1.1901 -0.59481 1.0911 -0.009304 0.70712 -0.23413 0.26068 0.50804 0.28816 -0.71806 2.1803 0.30127 0.88022 -0.32536 -0.49072 0.076984 0.31839 -0.40341 -0.94898 0.082242 -0.69083 -0.23787 1.0296 1.0471 1.7433 0.39539 -0.46843 -0.58919 -0.67998 -0.095097
book -0.0076543 0.93456 -0.73189 -0.55162 0.76977 0.35925 -1.1365 -1.1632 0.34214 0.29145 -0.8711 0.9197 -0.47069 -0.22834 1.4777 -0.81714 -0.17466 -0.51093 -0.28354 0.23292 0.71832 0.23414 0.49443 0.35483 0.76889 -1.4374 -1.7457 -0.28994 -0.10156 -0.36959 2.5502 -1.0581 -0.049416 -0.25524 -0.63303 0.02671 -0.18733 0.20206 -0.26288 -0.41418 0.83473 -0.14227 -0.28125 0.098155 -0.17096 0.52408 0.31851 -0.089847 -0.27223 -0.0088736
books -0.03345 0.80877 -0.20659 -0.92842 0.27433 0.17549 -1.5501 -1.9302 0.42939 0.15984 -0.9263 1.1073 -0.15518 -0.3959 1.431 -0.74583 -0.33683 -0.21206 0.15386 -0.022504 1.127 0.31919 0.83898 0.48734 0.2966 -0.81942 -1.5519 -0.77488 -0.28272 -0.71643 2.6664 -0.57047 0.10581 -0.10116 -0.48662 0.63422 -0.60514 0.19788 -0.25741 -0.20731 0.95538 -0.10275 0.41266 0.7293 -0.29704 0.60264 0.29637 -0.021069 -0.65104 -0.58676
box -0.12971 0.24637 0.76567 0.22735 0.53018 -0.49294 -0.92204 -0.35652 0.67984 0.27848 -0.75699 0.29437 -0.078395 0.82736 0.42022 -0.29609 -0.34251 -0.40083 -0.71253 -0.75618 0.36122 -0.57496 0.19676 0.1057 -0.30528 -1.0339 -0.82177 0.82443 0.60749 -0.99471 2.2733 -0.26072 0.34789 0.40448 -0.20346 0.65681 0.76626 0.27854 0.3895 -0.7207 0.91609 0.37224 -0.51919 0.33688 -0.68685 1.0463 0.019233 -0.51139 0.25233 -0.30161
boxes 0.40194 -0.39494 1.2773 0.29194 0.7388 -0.17139 -0.94456 -0.63849 0.87388 -0.35333 -0.56071 -0.31153 0.83056 0.83853 0.32966 0.21695 -0.84612 -0.054684 0.18492 -1.6854 0.92987 -0.35837 0.76449 -0.043086 -0.37334 -0.42432 -0.95233 0.97653 0.75124 -1.0676 1.8347 0.11131 -0.24741 0.30827 0.31537 1.2487 0.7018 0.54788 0.11921 0.042644 0.84124 0.36539 -0.2735 0.69918 -0.19327 0.81349 -0.52692 -0.15824 0.25925 -1.3515
boy -0.32345 0.23332 -0.20082 -0.52848 1.0926 0.62445 -0.99859 0.28085 0.088326 0.36919 0.32199 0.3499 0.067459 0.24211 0.92565 -0.32581 -0.99134 0.80767 -0.22845 0.40076 -0.8577 1.3836 0.056439 0.76561 0.3608 -2.0692 -0.46679 0.12359 0.35127 -0.77092 2.2064 -0.42605 -0.24279 0.3832 0.6069 0.62835 0.31825 -0.8851 0.38329 -1.146 -0.41949 0.2606 -0.6568 -0.11511 1.0591 -0.61148 0.32152 -1.3182 0.31744 0.02527
brother 0.38241 0.56538 0.17174 -0.32832 1.1811 0.64141 -0.75489 0.76061 -0.84549 0.067996 0.40488 1.3168 -1.039 -0.36122 0.74153 -0.20821 -0.46036 0.030236 -0.2302 0.59638 -0.48645 0.69894 0.16648 0.21533 0.2518 -2.0648 -0.20365 -1.1691 -0.1263 0.1645 1.5242 -0.32779 -0.42933 -0.11819 0.77706 0.26428 -0.0004162 0.41256 0.34926 0.24193 -0.09411 1.1235 -0.8575 -0.47789 0.45681 -0.23303 -0.93793 -1.7232 0.091327 0.19521
bus 0.84772 0.070253 0.96791 -0.27164 -0.37617 0.31978 -1.3108 0.091093 0.59919 -0.90217 -0.050876 -0.83886 -0.61596 0.29642 -0.42189 -0.21969 -0.94006 1.2221 -0.66526 -0.57745 0.76126 0.51459 -0.88565 1.5135 0.42326 -1.2947 0.45522 0.67073 0.80188 -0.65449 2.4117 0.62445 -0.046631 0.37524 1.0103 0.25259 1.0913 -0.79427 -0.17027 1.4866 -0.24077 0.021904 -0.01603 -0.44319 -0.13914 0.013311 -0.49432 -0.57696 1.1997 -0.39707
buses 0.82982 -0.15311 1.0122 -1.1298 -0.99122 -0.20525 -1.3896 -0.37654 0.13643 -0.63261 0.29381 -0.67118 -0.028459 -0.064867 -0.26728 -0.048384 -0.70302 1.466 -0.32917 -1.5433 0.76207 -0.086252 -0.43299 1.4705 -0.085208 -0.41668 0.66404 0.68987 0.72503 -0.50886 2.0413 1.375 -0.12094 0.18367 0.96479 0.30314 1.072 -0.59409 -0.94984 1.7975 -0.12154 -0.093454 0.44771 -0.21751 -0.34172 0.057802 -0.93077 -0.52609 0.47381 -0.63168
cacti 0.61009 0.35599 -0.83148 0.67699 -0.0057273 -0.27184 0.40482 -0.52811 -0.40282 0.81603 -0.534 0.028823 1.7475 0.35741 0.3725 -0.4003 -0.20743 0.81061 0.42513 -0.64961 -0.91325 -1.1134 0.42434 -0.58856 0.17923 0.86056 0.65366 0.57187 0.23268 -0.54801 0.063149 -1.0306 0.15656 -0.037715 0.079279 0.20095 -1.1148 -0.31275 -0.68002 0.26545 -0.99785 -0.8128 0.37826 0.83217 1.3092 0.03234 0.47528 -0.47466 -1.6197 -0.62668
cactus -0.10512 0.57409 -1.2625 0.82421 -0.095048 -0.43809 -0.15722 -0.49617 -0.017662 0.6014 -0.57457 0.27291 1.1172 0.29508 0.11275 -0.15803 -0.087364 1.221 -0.2836 -0.26656 -0.82005 -1.2648 0.26601 -0.22873 -0.37013 0.12979 0.77626 1.2825 0.71803 -0.78861 0.63502 -0.91861 -0.19583 0.5907 0.060983 0.21945 -0.61391 -0.57143 0.062165 -0.0084432 -0.86034 -0.78102 -0.70883 0.61391 1.0911 0.2744 0.44659 -0.66818 -0.99823 -0.23728
car 0.47685 -0.084552 1.4641 0.047017 0.14686 0.5082 -1.2228 -0.22607 0.19306 -0.29756 0.20599 -0.71284 -1.6288 0.17096 0.74797 -0.061943 -0.65766 1.3786 -0.68043 -1.7551 0.58319 0.25157 -1.2114 0.81343 0.094825 -1.6819 -0.64498 0.6322 1.1211 0.16112 2.5379 0.24852 -0.26816 0.32818 1.2916 0.23548 0.61465 -0.1344 -0.13237 0.27398 -0.11821 0.1354 0.074306 -0.61951 0.45472 -0.30318 -0.21883 -0.56054 1.1177 -0.36595
cars 0.51724 -0.26031 1.7203 -0.47484 -0.57787 0.16375 -1.4448 -0.85441 -0.28838 -0.2202 0.2977 -0.62934 -0.97335 -0.28439 0.93359 0.016909 -0.41153 1.6066 -0.3413 -2.7262 0.75217 -0.33267 -0.84953 0.67237 0.0052213 -0.68454 -0.50516 0.64063 1.2926 -0.074289 2.5438 0.72682 0.022884 0.1408 1.1335 0.42737 0.56392 0.025196 -0.81137 0.69468 -0.2126 -0.3785 0.83051 -0.52962 0.27608 -0.10377 -0.62393 -0.59529 0.476 -0.86396
cat 0.45281 -0.50108 -0.53714 -0.015697 0.22191 0.54602 -0.67301 -0.6891 0.63493 -0.19726 0.33685 0.7735 0.90094 0.38488 0.38367 0.2657 -0.08057 0.61089 -1.2894 -0.22313 -0.61578 0.21697 0.35614 0.44499 0.60885 -1.1633 -1.1579 0.36118 0.10466 -0.78325 1.4352 0.18629 -0.26112 0.83275 -0.23123 0.32481 0.14485 -0.44552 0.33497 -0.95946 -0.097479 0.48138 -0.43352 0.69455 0.91043 -0.28173 0.41637 -1.2609 0.71278 0.23782
cats 0.43082 -0.85216 -0.55639 -0.6506 -0.10458 0.65967 -0.92107 -0.74284 0.3937 -0.038858 0.1905 0.41127 1.0185 -0.32416 0.4006 0.32467 0.73039 0.18565 -1.5907 0.043061 -0.69752 0.23117 0.82313 0.60309 0.36481 -0.28048 -0.87354 -0.32553 0.25028 -1.1113 1.2741 0.95438 0.13716 0.14219 0.23295 0.53823 0.35135 -0.56597 0.16353 -0.63071 -0.30528 -0.19734 0.29626 0.99037 1.0909 0.52191 -0.12515 -0.77694 0.69387 -0.10724
child 0.30459 0.40631 -0.37512 -1.2075 1.0473 1.579 -0.15254 -0.27604 1.0093 0.08583 0.17895 0.26302 0.2241 -0.39434 1.4092 -0.43509 -0.6516 0.10294 0.73823 0.20905 -0.1405 1.1462 -0.1672 0.5987 0.31977 -1.9205 -0.25067 -0.94027 0.33703 -0.20613 2.6765 0.28159 -0.37146 -0.80129 0.30049 0.57209 0.326 -0.4331 0.60803 -0.71701 -0.68058 0.080862 0.40396 0.24926 0.61058 -0.48516 0.12207 -1.1695 0.33096 0.46469
children 0.53888 0.50514 -0.045316 -1.3606 0.6785 1.4193 -0.8518 -0.66912 0.45732 -0.15827 -0.037624 -0.20835 0.54524 -0.64056 1.2267 -0.26497 -0.45656 0.27901 0.3855 0.14437 0.0026343 1.7084 0.56702 0.60751 0.43173 -1.1765 -0.45223 -0.98725 0.19464 -0.64467 3.1015 1.0881 -0.17687 -0.81104 0.28289 0.65915 0.38012 -0.27123 0.6249 -0.054019 -0.6409 0.10671 0.79348 0.10989 0.66735 -0.065263 -0.63952 -1.249 -0.034498 0.18429
church 0.92124 1.0784 -1.2709 -1.6053 1.3882 0.2248 -0.86823 -0.058177 -0.65849 -0.5575 -0.2714 -0.19997 -0.026978 -1.0846 -0.13671 0.029571 -0.65488 -0.5744 0.38927 0.46129 -0.31846 0.011097 -1.3469 0.5875 -0.41281 -1.2624 0.092057 -0.053854 -0.60829 -0.22172 2.7781 -0.65326 -0.070113 -0.97752 -0.62886 -0.42656 0.86722 -0.65278 0.30512 0.82865 0.014854 -0.79614 -0.63761 0.63788 -0.093628 1.384 -1.1703 -1.0036 -0.57226 -0.86271
churches 1.0399 0.31225 -0.90138 -1.3353 0.86087 0.17256 -0.9604 -0.4842 -0.67902 -0.43921 -0.36316 -0.55346 0.58149 -0.51344 -0.32178 -0.13141 -0.18458 -0.4045 0.63732 0.15714 -0.13 -0.28766 -0.96949 0.92324 -0.7996 -0.16467 -0.15991 -0.69299 -0.49566 -0.52197 2.6263 0.35452 0.39279 -0.88512 -0.52801 0.16907 0.39007 -0.66031 -0.42772 1.2348 -0.3051 -0.90359 0.10456 0.86974 0.1812 1.8327 -1.7245 -0.45543 -0.94935 -1.177
cities 0.76318 0.26725 0.067232 0.15917 -0.83832 -0.78846 -0.59164 -0.13984 -0.46017 0.087111 -0.20094 -1.3888 0.53633 -0.38312 -0.19094 0.34316 0.14326 0.28515 -0.50866 0.44557 0.45228 -0.64073 -0.22415 1.0168 -0.61882 -1.1178 -0.63547 -0.20116 0.24885 -0.61502 3.1172 1.0801 0.42404 -1.0488 0.31394 0.11297 -0.30029 0.16781 -0.48884 1.1999 -1.1327 0.27591 1.0948 -0.21245 -0.37509 0.73059 -0.91769 -0.18994 0.13861 -0.58989
city 0.43945 0.43268 -0.36654 0.27781 0.062932 -0.80201 -0.93041 0.016388 -0.5503 -0.16278 -0.40351 -1.3975 0.32079 -0.88954 -0.18853 0.11516 0.045326 0.83002 -0.87595 0.77653 0.55948 0.074721 -0.84672 0.4098 -0.59774 -2.062 -0.15894 0.57979 0.2827 -1.0213 3.2488 0.50029 0.11559 -1.1707 0.19016 0.36888 -0.042018 0.028234 0.54125 0.8489 -0.66711 0.60799 0.23787 -0.65378 -0.7055 0.5165 -1.078 -0.71524 0.48402 -0.3256
crises 1.1214 -0.16832 -0.26714 -0.13952 -0.94301 0.39438 0.89095 0.12244 0.061129 -0.10687 -0.4164 0.84914 -0.95343 0.77138 0.82938 0.030435 0.35666 -0.29247 0.75119 0.1435 0.074658 -0.11006 -0.11931 -0.07498 0.48476 -0.44907 0.14519 -0.4918 0.41264 1.5482 2.1418 0.76586 0.67401 -0.8236 -0.64374 0.79483 -1.1676 -0.7699 -0.051679 -0.11028 -1.3893 0.2932 0.78644 -0.018758 0.18417 1.0244 0.54384 1.0042 -0.46157 -0.57476
crisis 0.99518 -0.036417 -0.09255 -0.41453 -0.61963 -0.10144 0.34103 0.17146 -0.23856 -0.015829 -0.18831 0.239 -0.90967 0.25208 1.0195 0.39257 0.0077842 -0.25675 0.33248 0.49692 0.29057 -0.0067517 -0.10581 -0.44642 0.2084 -1.548 0.20684 0.45898 0.31281 1.8512 3.2769 0.35127 -0.18954 -0.34274 -1.0861 -0.073597 -1.1829 -1.0358 0.57145 -0.74969 -1.3558 0.11489 0.4541 -0.90044 0.22168 0.7725 0.12771 1.0059 0.29149 -0.43481
criteria -0.10436 0.52601 -0.52604 -0.66601 0.032568 0.61518 0.52912 -0.89814 0.41647 -0.13106 1.0264 0.17532 -0.3334 0.19705 0.39378 0.85507 0.46516 -0.82225 0.82858 -0.60364 -0.20259 -0.43111 -0.17662 0.17115 -0.39751 -0.27995 -0.54152 -0.11855 -0.76239 0.13905 2.3052 0.65939 -0.56276 -1.2047 0.76231 -0.087846 1.2179 0.61068 -0.61654 -0.64563 -0.30309 -1.1186 1.0171 0.73883 -0.72446 -0.2231 0.64448 1.7549 0.76604 0.27075
criterion 0.16425 0.81743 -0.048076 -0.24741 0.55386 0.33778 0.86096 -0.83448 0.62239 0.98116 0.64135 0.02072 -0.41932 -0.056697 0.53845 0.81526 0.56172 -0.63675 0.691 0.01429 0.13469 -0.7054 -0.35452 0.45553 -0.33546 0.43693 -1.011 -0.12912 -0.33707 0.50203 0.6099 -0.11313 -0.20103 -0.65416 0.85761 -0.34935 1.2927 0.59563 -0.41989 -0.35149 0.42771 -0.35511 -0.43265 0.28101 -1.3111 -0.076329 0.56534 0.83519 0.5794 0.44331
day 0.11626 0.53897 -0.39514 -0.26027 0.57706 -0.79198 -0.88374 0.30119 0.082896 -0.33443 -0.64467 -0.75366 -0.30356 0.07884 1.2252 -0.038627 -0.47341 -0.40556 -1.1165 -0.21352 0.49275 0.55574 0.38941 -0.22514 0.37775 -1.4233 -0.13409 0.10737 0.16528 0.35527 3.5733 0.76404 -0.59226 0.51366 0.12055 -0.36967 0.43251 0.086429 0.034554 0.082458 -0.8792 0.26134 -0.32132 -0.12652 0.25573 0.32818 0.024073 -0.39062 -0.10885 0.084513
days 0.62236 0.1973 0.0023326 -0.44924 0.084905 -0.33628 -0.90642 0.62154 -0.20657 -0.20043 -0.6269 -0.64429 -0.31616 0.23314 1.2348 -0.080113 -0.7382 -0.3497 -0.97589 -0.046964 0.29777 0.68288 0.87876 -0.28921 0.1456 -1.411 -0.11301 0.2132 0.49548 0.38685 3.397 0.40639 -0.54343 -0.00037414 0.44268 -0.1015 0.37693 0.047623 0.044414 0.10038 -0.99794 0.2082 0.063226 0.12436 -0.059387 0.046682 -0.22335 -0.22082 -0.40414 -0.18502
dog 0.11008 -0.38781 -0.57615 -0.27714 0.70521 0.53994 -1.0786 -0.40146 1.1504 -0.5678 0.0038977 0.52878 0.64561 0.47262 0.48549 -0.18407 0.1801 0.91397 -1.1979 -0.5778 -0.37985 0.33606 0.772 0.75555 0.45506 -1.7671 -1.0503 0.42566 0.41893 -0.68327 1.5673 0.27685 -0.61708 0.64638 -0.076996 0.37118 0.1308 -0.45137 0.25398 -0.74392 -0.086199 0.24068 -0.64819 0.83549 1.2502 -0.51379 0.04224 -0.88118 0.7158 0.38519
dogs 0.66293 -0.96696 -0.14334 -0.75659 0.24905 0.22172 -0.94465 -0.38172 0.87649 -0.65629 0.04229 0.067667 1.0704 0.16809 0.27421 -0.025205 0.35508 0.67089 -1.5322 -0.75242 -0.42834 0.50044 1.0975 0.5283 0.20904 -1.0833 -0.73485 0.058385 0.7591 -1.0924 1.6125 0.69798 -0.39835 -0.21979 0.093946 0.76265 0.32523 -0.30231 0.13616 -0.187 -0.15235 -0.13567 0.45379 1.1245 1.6595 -0.43319 -0.17027 -0.68528 0.29151 0.046649
drank -0.12995 -0.34011 -0.5844 -1.1437 0.49375 0.38784 -0.48042 0.61458 -0.35504 1.1356 0.32785 0.029891 0.77797 -0.72885 1.0582 -0.30171 -0.40398 1.0871 -0.46224 -1.4043 0.19264 0.85509 2.12 0.38703 0.18894 -0.59447 -0.15683 0.954 0.41749 0.15618 0.35602 0.64811 -0.09946 0.61798 0.36342 -0.29835 -0.61176 1.0565 1.0677 0.76046 0.1182 0.5336 -0.34246 0.9389 0.64395 -0.25667 -1.1569 -0.7494 0.16996 -0.65812
drink -0.063275 -0.10331 -0.7798 -0.19183 0.34219 0.050926 -0.46459 -0.078635 0.54814 1.4047 0.38838 0.3611 0.80142 -0.46235 1.0345 0.39002 -0.25508 0.90988 -0.22221 -1.8257 0.73976 0.26612 1.2605 0.9422 -0.22148 -0.97796 -0.42254 0.68667 1.1503 0.22859 1.9738 0.84056 -0.84683 0.93435 0.19842 -0.51849 -0.48574 0.40075 0.60286 0.22686 0.32788 0.29878 -0.5074 0.81122 0.9134 0.43469 -0.88409 -0.75136 0.60014 0.082798
eat 0.64295 -0.42946 -0.54277 -1.0307 1.2056 -0.27174 -0.63561 -0.015065 0.37856 0.046474 -0.13102 0.605 1.6391 0.2394 1.2128 0.83178 0.73893 0.152 -0.14175 -0.88384 0.020829 -0.32545 1.8035 1.0045 0.58484 -0.62031 -0.43296 0.23562 1.3027 -0.81264 2.3158 1.103 -0.60608 1.0101 -0.22426 0.018908 -0.10931 0.3835 0.77362 -0.081927 -0.3404 -0.0015143 -0.05664 0.87359 1.4805 0.69421 -0.30966 -0.90826 0.0037277 0.8455
feet 0.60598 0.62116 1.3902 -1.0112 0.7298 -0.041648 0.078382 -0.51417 0.32828 -0.82559 -0.67751 -0.69747 0.045403 0.19579 0.31423 0.02081 0.22341 0.56527 -1.4222 -1.2512 -0.78603 0.27384 0.57691 -1.0451 0.72332 -0.56122 0.45171 1.2926 0.27328 -0.64863 3.0811 -0.17607 0.63082 1.0917 -0.27365 0.023336 0.43271 0.25183 0.78445 -0.037174 -0.38909 -0.12346 0.88677 0.82725 -0.78608 -0.26048 0.69053 -1.3792 -1.0236 -0.81159
foot 0.76557 0.27195 0.36131 -1.0477 0.18996 0.0062788 -0.2041 -0.23774 1.1324 -0.92889 -0.36016 -0.88819 -0.66092 -0.023376 -0.0055779 -0.092759 0.045611 0.10252 -0.98498 -0.23819 -0.98196 -0.063997 -0.88195 -0.18786 -0.0042393 -1.1537 0.23871 0.76478 0.13588 -0.31581 2.7606 0.030271 0.42665 1.1102 0.087101 0.87484 0.79519 0.71513 0.62304 -0.34393 0.1335 0.032195 0.16488 0.61192 0.31801 -0.25316 0.84456 -1.335 -0.26791 -0.60483
france 0.66571 0.29845 -1.0467 -0.66932 -0.78082 -0.00013007 -0.17931 0.3711 -0.18622 -0.40535 0.98644 -0.60545 -0.94571 -0.69207 0.56681 -0.3861 0.027634 -1.2464 -0.73561 -0.52222 -0.061766 0.16771 -0.37462 0.4225 -0.63095 -1.636 -0.25094 0.04495 -0.39758 0.98099 2.6293 0.8348 -0.77338 0.39402 -0.57976 -1.029 -0.26709 0.98714 -0.51029 -0.42477 1.3956 -0.029347 2.2295 -1.7079 0.025562 0.6906 -0.579 -0.17824 0.42916 -0.5394
fungi 1.4791 -0.19907 -0.84738 0.1822 1.1673 1.0305 0.60496 -0.53075 0.34214 -0.36753 0.67309 0.28139 0.89821 0.096792 0.9749 -0.064835 0.31403 -0.20798 -0.076356 -0.60034 -0.75878 -2.1981 1.8112 1.0193 -0.63029 0.5685 -0.43868 -0.47501 0.8385 1.0474 0.45317 -1.0346 -0.10572 -1.5141 -0.71816 0.20104 -1.1531 0.39923 0.31736 -0.11624 0.029481 -1.6847 0.57767 1.1778 1.4553 0.9567 -0.053132 -1.1369 -0.070709 -0.41969
fungus 0.63638 -0.53393 -0.42031 0.33628 0.6078 1.1075 0.15123 -0.24329 1.2189 -0.34162 0.59338 -0.41751 0.93029 -0.16999 0.33555 0.25081 0.074686 0.016519 -0.5772 0.056797 -1.4544 -2.1521 1.287 0.25604 0.063183 -0.29319 -0.5113 0.77629 1.4867 0.30456 0.24513 -1.1664 0.092556 -0.47237 -1.1594 -0.036879 -0.833 0.55396 0.32725 0.10707 -0.11235 -0.84367 -0.30116 0.47282 2.2752 0.1956 0.035858 -0.52536 0.069651 -0.069963
game -0.90962 -0.16793 -0.28244 1.2006 0.35477 -0.054996 -1.2784 0.056494 -0.7309 0.65448 0.060675 0.084152 -1.3827 0.16752 1.1236 -0.52102 0.14212 -0.32316 -1.9348 0.055645 -0.89574 -0.31206 -0.0033612 0.082128 0.32966 -1.01 0.11907 -0.087034 0.99483 -1.5931 3.4081 1.0488 0.20391 -0.43841 0.1119 0.87173 0.62297 0.62392 -0.2883 -0.97984 -0.016959 -0.39827 -0.97197 0.59183 -0.57886 0.96217 0.76927 0.40248 -0.013602 0.18745
games -0.88495 0.77465 0.069162 1.6451 -0.27344 -0.24103 -0.95883 -0.47718 -0.46876 0.38361 0.026774 -0.19447 -1.4064 0.11926 1.3843 -0.79712 -0.13887 0.43211 -1.982 0.067078 -0.61959 -0.27975 0.49575 0.13888 0.043884 -0.7128 0.22836 -0.54725 0.41564 -1.2287 3.28 1.5931 0.10515 -0.41959 0.10851 0.68996 0.91147 0.78022 -0.94922 -0.29333 -0.47833 -0.7881 -0.12952 0.64509 -0.41502 0.98958 -0.096111 0.14893 -0.0078291 -0.031893
geese 0.90669 -0.42051 -0.74931 -1.1195 0.030462 1.146 -1.4476 -0.64871 0.73622 -0.77106 0.48138 0.10704 1.9858 0.44639 0.70976 0.33808 0.91379 -0.045317 -1.8832 -0.209 -0.57897 -0.69289 0.11846 0.13597 1.0091 0.014665 0.61949 0.6769 0.30423 -0.95767 -0.2361 1.4272 0.5162 0.26103 -0.40101 -0.16087 0.34074 -0.58827 -0.40926 0.67044 -0.81809 0.50442 0.63927 0.010677 0.99027 0.13478 -0.24685 0.087014 -0.39141 -0.10192
germany 0.31098 0.05573 0.27293 -0.79354 0.15301 0.68547 -0.042667 0.23203 -0.90976 -0.71177 1.1649 -1.1234 -1.2657 -0.3255 0.96688 0.25919 0.57671 -0.55244 -0.73962 0.57585 0.67452 -1.1339 -0.74452 0.7491 -0.20376 -2.0823 0.081193 -0.29871 -0.64778 0.17616 2.4315 0.79447 0.40519 -0.011954 -1.1833 -0.91463 -0.013852 1.4251 -0.32726 -0.2092 0.76412 -0.55271 1.5657 -1.4095 0.51719 0.40492 -0.07026 0.2994 -0.34246 -0.28954
girl -0.34471 0.69563 -0.78086 -0.58482 1.2263 1.2544 -0.76466 0.40575 0.18862 0.098834 0.32557 -0.31816 0.23869 0.33554 1.0592 -0.25266 -1.0308 0.70027 0.030457 0.53866 -0.30279 1.7515 0.3128 1.2103 0.41335 -1.9421 -0.93756 0.32453 0.52249 -0.86708 2.1258 -0.20377 -0.19061 0.37736 0.66205 0.50211 -0.12544 -0.83069 0.21155 -1.3091 -0.44973 -0.11648 0.033598 -0.68382 0.99419 -0.88262 0.56601 -1.327 0.37319 0.022389
go 0.14828 0.17761 0.42346 -0.31489 0.32273 -0.72413 -0.78955 0.49214 -0.20693 -0.00055088 -0.47877 0.28853 -0.57376 0.27217 1.1129 0.57808 0.69321 -0.28652 -0.054545 -0.61826 0.17227 0.29263 0.38184 0.62186 0.55461 -1.7411 -0.28802 -0.1714 0.74743 -1.0135 3.3596 1.137 -1.0028 0.17685 -0.0061795 -0.063491 0.19077 0.044046 0.38228 -0.41607 -0.50359 -0.083803 0.17508 0.4042 0.077324 0.17415 0.12541 -0.2182 0.12971 0.32953
good -0.35586 0.5213 -0.6107 -0.30131 0.94862 -0.31539 -0.59831 0.12188 -0.031943 0.55695 -0.10621 0.63399 -0.4734 -0.075895 0.38247 0.081569 0.82214 0.2222 -0.0083764 -0.7662 -0.56253 0.61759 0.20292 -0.048598 0.87815 -1.6549 -0.77418 0.15435 0.94823 -0.3952 3.7302 0.82855 -0.14104 0.016395 0.21115 -0.036085 -0.15587 0.86583 0.26309 -0.71015 -0.03677 0.0018282 -0.17704 0.27032 0.11026 0.14133 -0.057322 0.27207 0.31305 0.92771
goose 0.31786 0.093919 -1.1267 -0.68599 0.53255 1.2883 -0.63421 -0.08913 0.39714 -0.88631 -0.31424 0.71085 1.1573 0.042466 -0.26594 0.16807 0.91409 0.75758 -1.2127 -0.30392 -0.033525 -0.55953 0.5128 -0.23946 0.61924 -0.71166 -0.61219 1.169 0.67233 -1.4961 0.46294 0.75578 -0.091662 1.1958 -0.014816 -0.064083 -0.076283 -0.38202 0.46236 -0.056525 -0.83905 0.0057199 -0.56587 -0.5296 0.47926 -0.24882 0.078883 -0.35753 0.21139 0.37438
hand 0.088068 -0.42703 0.21275 -0.46137 0.88653 0.31964 -0.0094923 0.12259 -0.011234 -0.2113 -0.11769 0.085932 -0.54004 0.27666 -0.074244 0.11298 -0.31362 -0.30666 0.13833 -0.99789 -0.10509 0.56499 0.30105 -0.60911 0.21528 -1.9955 -0.23075 0.36169 0.36569 -0.83593 3.1593 0.38484 -0.58786 0.30266 -0.080106 0.7723 0.14527 0.54844 0.13905 -0.15815 0.37559 0.64325 -0.35815 0.2687 0.37035 -0.12839 0.14046 -0.37389 -0.24085 -0.80756
hands -0.08166 -0.56358 0.30778 -0.74255 1.2714 0.044595 0.17356 0.19382 -0.51327 -0.35966 -0.21227 0.29218 -0.54824 0.21636 -0.084691 -0.14624 -0.42109 -0.1876 -0.043715 -0.64857 0.021307 0.89915 0.57699 -0.68322 0.035626 -1.6618 -0.015003 0.29002 0.31284 -0.66162 2.9354 0.62766 -0.026745 0.53263 -0.4576 0.52068 -0.32426 0.038437 0.29153 -0.3287 0.029001 0.18817 0.17088 0.4997 0.28319 -0.26887 -0.37646 -0.81927 -0.35343 -1.1022
house 0.60137 0.28521 -0.032038 -0.43026 0.74806 0.26223 -0.97361 0.078581 -0.57588 -1.188 -1.8507 -0.24887 0.055549 0.0086155 0.067951 0.40554 -0.073998 -0.21318 0.37167 -0.71791 1.2234 0.35546 -0.41537 -0.21931 -0.39661 -1.7831 -0.41507 0.29533 -0.41254 0.020096 2.7425 -0.9926 -0.71033 -0.46813 0.28265 -0.077639 0.3041 -0.06644 0.3951 -0.70747 -0.38894 0.23158 -0.49508 0.14612 -0.02314 0.56389 -0.86188 -1.0278 0.039922 0.20018
houses 1.1031 -0.10065 0.3065 -0.70791 0.25179 -0.28597 -1.0023 -0.35445 -0.8333 -0.64447 -1.124 -1.0735 0.55643 -0.21455 0.11812 0.41528 0.29557 0.3557 0.14322 -0.43463 0.78293 0.20968 -0.8234 -0.016004 -0.71257 -0.096997 -0.60853 0.14879 0.2788 -0.27851 3.1068 -0.75309 0.58906 -0.21145 0.28511 1.2898 0.46239 0.025892 0.35947 0.37142 -0.50863 -0.22227 0.61522 0.5146 0.23779 0.61281 -1.2794 -1.2778 -0.080209 -0.91909
italy 1.7704 -0.77758 -0.95302 0.329 0.040391 -0.086352 -0.096326 -0.14525 -0.85415 -0.091315 0.71825 -0.8378 -0.71724 -0.30078 1.2588 -0.72728 -0.26415 -0.17469 -0.57705 0.335 -0.51533 -0.43223 -0.80174 0.94644 0.0098356 -1.3264 0.59604 -0.12843 -1.0187 0.25605 2.6086 0.87975 -0.30444 0.31701 -0.66136 -0.15968 -0.28717 1.4486 -0.6017 -0.64794 0.37924 0.18643 1.2729 -1.2207 -0.20923 1.1948 -0.18 -0.35325 0.44488 -0.83675
japan -0.31739 -0.14033 0.32292 1.072 0.33008 0.39406 -0.016682 0.076903 -0.74591 -0.31521 1.0033 -0.12659 0.063252 0.64006 0.70721 0.84303 -0.68832 0.47214 -0.66002 0.73962 1.1116 -0.89428 -0.90364 -0.47281 0.88529 -2.0194 0.30623 -0.31662 -0.44423 -0.52139 3.0287 0.70315 0.92315 0.52263 -0.62674 -0.58995 -0.15876 -0.078332 -1.0794 -0.71552 -1.2764 -0.85554 1.2827 -1.2134 1.0125 0.40329 -0.16276 0.99117 0.031016 -0.35431
king 0.50451 0.68607 -0.59517 -0.022801 0.60046 -0.13498 -0.08813 0.47377 -0.61798 -0.31012 -0.076666 1.493 -0.034189 -0.98173 0.68229 0.81722 -0.51874 -0.31503 -0.55809 0.66421 0.1961 -0.13495 -0.11476 -0.30344 0.41177 -2.223 -1.0756 -1.0783 -0.34354 0.33505 1.9927 -0.04234 -0.64319 0.71125 0.49159 0.16754 0.34344 -0.25663 -0.8523 0.1661 0.40102 1.1685 -1.0137 -0.21585 -0.15155 0.78321 -0.91241 -1.6106 -0.64426 -0.51042
knife -0.25591 -0.94336 -0.040669 -0.8684 1.1436 1.7422 0.68093 0.30992 -0.15223 -0.83683 -0.35643 -0.70409 -0.18825 0.80601 -0.37185 -0.46353 -0.56382 0.13472 -0.45369 -0.64482 0.74252 -0.23283 0.17645 -0.039771 -0.43791 -1.6635 -0.41772 0.54787 0.88407 -1.1909 1.4198 -0.43935 -0.25784 0.84251 -0.00041032 1.1748 -0.063107 0.29624 1.0875 -0.12242 0.388 0.34116 -0.36857 -0.17585 1.6093 -1.0155 1.281 -0.483 0.18247 -0.37573
knives -0.32143 -1.1696 0.17587 -0.56853 0.5448 1.1123 0.38871 -0.25095 -0.69934 -0.936 -0.32798 -0.17704 -0.27268 0.343 -0.23631 -0.19165 -0.070379 0.55129 -0.34276 -1.1893 1.0082 -0.63559 0.59631 0.061424 -0.88758 -0.79728 -0.52748 0.053377 0.91369 -1.7502 0.75887 0.28898 -0.057415 0.95312 0.45786 1.4896 0.13395 0.067873 -0.14748 1.1854 0.54046 0.28976 0.34268 0.55509 2.0276 -0.57859 0.38632 0.067142 -0.71282 -0.88811
leaf -0.19212 0.58991 -0.016453 0.55384 0.65911 1.0316 -0.55807 -0.78602 0.59405 -0.73028 0.063776 0.3531 0.7123 -0.38352 -0.14271 -0.077119 -0.37528 0.41887 -0.25573 -1.3098 -0.98415 -1.9577 0.97034 -0.36311 -0.44061 -0.23878 0.43531 1.4808 0.65945 -0.78764 1.7215 -0.43166 0.070071 -0.05738 -0.082677 0.61642 -0.50708 0.12888 0.56509 -0.68641 0.10125 -0.63011 -0.90007 -0.092616 1.1439 0.22071 0.68059 -0.45281 -0.26077 -0.64546
leaves 0.88813 1.0715 -0.090319 -0.084393 1.1541 0.64763 0.076475 0.21546 -0.25856 -0.95295 -0.71242 0.24057 0.49202 -0.20689 0.45078 0.43589 -0.19441 0.22218 0.22355 -0.43077 -0.48009 -0.27078 1.0259 0.13166 0.2797 -0.88336 1.0965 1.5717 0.42199 -0.12786 2.3704 -0.058719 -0.26707 0.11248 0.049165 0.22227 -0.43425 0.060922 0.22915 -1.0249 -0.18878 -0.052808 -0.12598 -0.54149 0.84686 0.61316 0.26911 -0.52029 0.22139 -0.34004
long 0.46955 0.82963 -0.13828 -0.45398 -0.075682 0.45397 -0.37753 -0.31824 0.04492 -0.23272 -0.65296 0.0076419 -0.52617 0.29746 0.23553 0.19954 0.17268 -0.027087 -0.30702 -0.27463 -0.50451 0.06611 0.048848 -0.3727 0.28044 -2.012 0.32445 0.696 0.33016 0.052136 3.7978 0.016551 -0.029049 0.40461 -0.067641 -0.3214 -0.42906 0.34667 -0.40094 -0.26477 -0.54929 0.20108 0.12476 0.53417 -0.10315 -0.57693 0.26055 -0.3884 -0.81348 -0.086581
longer 0.48451 0.38714 0.25167 -0.77417 0.2801 0.16307 -0.13793 0.058456 0.021693 -0.057757 0.24759 0.37767 0.022451 0.037534 0.59911 0.91215 0.10666 0.18424 0.22779 -0.71327 -0.42339 -0.20002 0.44794 0.29211 0.16819 -1.5699 -0.18898 0.38409 0.92561 0.024784 3.4005 0.18005 -0.095739 -0.21391 0.18975 -0.35275 0.20199 0.41773 -0.63125 -0.411 -0.25686 -0.31737 0.44627 0.83197 -0.43048 -0.32631 -0.069559 -0.072752 -0.61538 0.49232
madrid 1.3315 0.72181 -0.060088 0.43948 0.18419 -1.5083 -0.48125 0.46037 -1.4088 1.2701 0.68031 -0.59232 -1.6325 -0.30376 0.87685 -0.75531 -0.37583 -0.5363 -1.0669 0.45537 -0.66694 0.43001 -0.69525 0.67518 -0.93783 -0.67933 1.1104 0.37576 -0.36894 -0.083185 2.0346 0.96286 -0.56629 -0.7787 -0.10705 -0.14102 0.07384 0.62338 0.20366 0.0076751 0.71088 0.01501 0.53186 -0.82256 -0.35087 0.30876 -0.065328 0.23722 1.4692 -0.93469
man -0.094386 0.43007 -0.17224 -0.45529 1.6447 0.40335 -0.37263 0.25071 -0.10588 0.10778 -0.10848 0.15181 -0.65396 0.55054 0.59591 -0.46278 0.11847 0.64448 -0.70948 0.23947 -0.82905 1.272 0.033021 0.2935 0.3911 -2.8094 -0.70745 0.4106 0.3894 -0.2913 2.6124 -0.34576 -0.16832 0.25154 0.31216 0.31639 0.12539 -0.012646 0.22297 -0.56585 -0.086264 0.62549 -0.0576 0.29375 0.66005 -0.53115 -0.48233 -0.97925 0.53135 -0.11725
men -0.41714 0.46493 0.13769 -0.19283 1.0112 0.14966 -0.020232 0.37339 -0.37315 -0.89002 0.15083 -0.93411 -0.78542 -0.34753 0.84648 -0.463 0.12469 0.31815 -1.0671 -0.70007 -0.69082 1.0479 0.79692 0.54943 -0.41094 -1.7671 -0.60518 -0.59613 -0.19805 -0.51482 2.6693 0.79256 -0.37652 -0.27977 0.44484 0.28957 0.064096 0.35282 -0.62789 -0.091884 -0.25639 -0.26261 1.0343 0.59887 1.0275 -0.70789 -0.39715 -0.94399 -0.28476 -0.75795
mice 1.1862 -1.2327 0.36003 -0.59849 0.34229 1.5691 -0.15754 -1.4539 1.0114 0.59973 1.5206 0.0095713 0.83304 0.36344 0.02856 0.95868 -0.0089808 0.47249 -1.0604 -0.35907 -1.2092 -0.23474 1.8542 -0.0030482 0.4109 -0.085349 -0.59244 -0.2095 -0.38374 -0.62702 1.3059 0.71802 -0.027662 -1.0516 0.38711 0.27743 0.28721 0.72514 0.29529 -0.25813 -0.82571 -0.11552 -0.6662 1.0746 1.2482 -0.036329 0.81472 -0.65517 -0.20192 0.11673
mouse 0.92126 -0.81902 0.23245 0.52219 0.51949 0.88641 -0.39156 -1.5406 0.60995 0.22859 0.62091 0.66589 0.72291 0.66718 0.10358 0.5369 -0.14446 0.48026 -0.80902 -0.35139 -0.61242 -0.53007 0.11605 0.48692 0.95751 -0.69058 -0.19449 0.12434 -0.1614 -1.5485 1.5875 -0.083181 -0.60285 -0.045127 -0.28487 0.5245 -0.15309 -0.10653 -0.11039 -0.6564 0.10237 0.61861 -1.0989 0.32814 0.74616 -0.132 1.6579 -1.1101 -0.029862 0.087264
ox -0.20515 -0.19128 -0.36118 -0.78009 0.36618 0.50235 -0.42756 -0.68749 0.86839 -0.58893 0.16408 0.16611 0.066365 -0.32401 -0.35503 -0.20761 0.31986 0.92862 -0.61398 -0.27193 -0.68739 -1.2398 0.33223 0.16098 0.50391 -0.25528 -1.1169 0.49563 0.065261 -0.88048 0.11913 0.45588 -0.26216 1.7438 0.55854 0.43044 0.30695 -0.16199 0.16324 0.53192 -0.51019 -0.50742 -1.1082 -0.11315 1.108 -0.44179 0.51465 -0.33688 0.69895 -0.8421
oxen 0.51762 -0.49364 -0.0055443 -1.1474 0.36251 1.0272 -1.1033 -0.83313 0.052441 -0.67154 0.52235 0.45075 0.23544 -0.78364 -0.12947 -0.21611 1.0932 0.66466 -1.0539 -0.58501 -0.75762 -0.90897 0.71866 -0.33749 0.55584 0.64702 0.11699 -0.065295 0.53992 -0.65216 -0.15618 1.1865 -0.61478 1.4296 0.29218 0.60247 -0.31974 0.40019 -0.31077 0.82268 -0.13751 -0.76296 -0.59462 0.6459 0.90363 -0.9765 -0.05157 0.14177 0.26735 -1.3375
paris 0.76989 1.181 -1.1299 -0.74725 -0.5969 -1.0518 -0.46552 0.27009 -0.99243 -0.04864 0.28642 -0.75261 -1.0566 -0.19205 0.572 -0.24391 -0.36054 -0.70876 -0.91951 -0.27024 1.5131 1.0313 -0.55713 0.52952 -0.71494 -1.0949 -0.60565 0.31329 -0.44488 0.55915 2.1429 0.43389 -0.5529 -0.24261 -0.43679 -0.96014 0.25828 0.79385 0.37132 0.49623 0.84359 -0.25875 1.5616 -1.1199 0.091676 0.076675 -0.45084 -0.86104 0.97599 -0.35615
people 0.95281 -0.20608 0.55618 -0.46323 0.73354 0.029137 -0.19367 -0.090066 -0.22958 -0.19058 -0.34857 -1.0231 0.743 -0.5489 0.88484 -0.14051 0.0040139 0.58448 0.10767 -0.44657 -0.43205 0.9868 0.78288 0.51513 0.85788 -1.7713 -0.88259 -0.59728 0.084934 -0.48112 3.9678 0.8893 -0.27064 -0.44094 -0.26213 0.085597 0.022099 -0.58376 0.10908 0.77973 -0.95447 0.40482 0.8941 0.65251 0.39858 0.20884 -1.3281 -0.10882 -0.22822 -0.46303
person 0.61734 0.40035 0.067786 -0.34263 2.0647 0.60844 0.32558 0.3869 0.36906 0.16553 0.0065053 -0.075674 0.57099 0.17314 1.0142 -0.49581 -0.38152 0.49255 -0.16737 -0.33948 -0.44405 0.77543 0.20935 0.6007 0.86649 -1.8923 -0.37901 -0.28044 0.64214 -0.23549 2.9358 -0.086004 -0.14327 -0.50161 0.25291 -0.065446 0.60768 0.13984 0.018135 -0.34877 0.039985 0.07943 0.39318 1.0562 -0.23624 -0.4194 -0.35332 -0.15234 0.62158 0.79257
phenomena 1.0542 0.56209 -0.64891 0.84663 -0.54378 0.36189 0.69926 -0.47133 -0.10676 0.76961 0.85586 0.79333 0.18451 0.8626 0.1614 0.11663 -0.10393 -0.13178 -0.94666 -0.62204 -0.074122 0.39296 0.69518 -0.22699 1.1801 0.44997 -1.4658 -0.30606 0.62253 0.97118 1.4808 -0.56692 0.097393 -2.404 -0.51785 -0.077508 -0.55261 -0.47674 0.044741 1.3026 -0.40117 -0.090394 0.4644 1.2951 -0.072854 -0.158 0.72766 0.66907 0.2465 -0.28492
phenomenon 0.51556 0.41788 -0.51438 0.23735 -0.3565 0.23374 -0.19208 -0.57523 0.31156 1.0395 0.59068 -0.043596 0.11141 0.41237 0.87523 0.23001 0.24686 -0.060211 -0.4994 0.046197 -0.5539 -0.17921 -0.037727 0.61056 1.0151 -0.70636 -1.4466 0.17535 0.62545 0.82556 1.9947 -0.47886 0.43987 -1.3961 -0.8925 -0.37463 -0.61596 -0.44729 -0.19325 0.36294 -0.6524 0.19325 -0.38777 0.59553 0.39417 -0.20907 0.54181 0.13659 0.047268 0.21589
queen 0.37854 1.8233 -1.2648 -0.1043 0.35829 0.60029 -0.17538 0.83767 -0.056798 -0.75795 0.22681 0.98587 0.60587 -0.31419 0.28877 0.56013 -0.77456 0.071421 -0.5741 0.21342 0.57674 0.3868 -0.12574 0.28012 0.28135 -1.8053 -1.0421 -0.19255 -0.55375 -0.054526 1.5574 0.39296 -0.2475 0.34251 0.45365 0.16237 0.52464 -0.070272 -0.83744 -1.0326 0.45946 0.25302 -0.17837 -0.73398 -0.20025 0.2347 -0.56095 -2.2839 0.0092753 -0.60284
ran -0.66911 -0.14966 0.76361 -0.23968 -0.42041 0.14274 -1.593 -0.020593 0.012256 -0.53842 -0.73218 -0.34389 -1.0179 0.045804 0.039799 -0.6922 -0.27796 0.35939 -0.91803 -0.12598 0.45506 0.39382 0.41845 0.11459 0.40977 -1.6186 0.50557 0.17902 0.24024 -0.22086 2.1439 0.016409 -0.080727 0.11044 -0.24094 0.010979 -0.0028198 0.60914 -0.082481 0.09398 -0.019168 0.090849 -0.52087 0.13578 -0.69831 -0.25178 -0.4393 -1.0442 0.30069 -0.30395
road 0.10042 1.06 0.24829 0.014362 -0.783 -0.12697 -0.85894 -0.16042 0.59427 -1.069 -1.2221 -0.61181 -1.1446 -1.3356 -0.93968 0.37353 0.75405 0.37777 -0.52882 0.024955 0.31032 0.083344 -0.59232 0.83623 0.65468 -1.1154 0.47597 0.77803 0.84934 -0.82595 2.8725 -0.1032 0.25725 0.074587 0.95345 -0.027788 0.60115 -0.15205 -0.50584 0.58003 -0.58731 -0.72368 -0.057061 -0.28228 -0.42823 0.21001 0.22496 -1.2876 0.87487 -0.6231
roads 0.66258 0.2123 0.77968 -0.29735 -1.7562 -0.25392 -0.9175 -0.12077 0.082226 -1.4477 -0.87622 -0.61384 -0.18897 -0.92008 -0.76244 0.412 0.50552 0.23814 0.69856 -0.66039 0.25735 -0.21809 -0.34929 0.39163 0.56563 -0.14954 0.5056 0.79658 1.5936 -0.1479 3.2168 0.17621 0.38781 -0.23386 0.27452 0.94828 0.27032 -0.003935 -0.49437 1.4444 -0.78306 -0.14778 0.89745 -0.20894 -0.56203 0.015886 -0.71619 -0.99149 0.79767 -0.9672
rome 1.7328 0.74491 -0.90946 -0.61916 0.11515 -1.3528 -0.044927 0.15027 -1.2333 -0.085559 -0.088266 -0.29123 -0.65817 -0.53225 1.1005 -0.51414 -0.78475 -0.30087 -0.55898 0.93097 0.045988 -0.077539 -0.66556 0.3753 0.0024896 -1.2641 0.078016 -0.12052 -1.0292 -0.047419 1.7711 0.28545 -0.48243 -0.50638 -0.7063 -0.067205 0.49704 0.95463 -0.30081 0.62246 0.44981 0.0045407 0.52488 -0.23153 -0.32818 0.80113 -0.48159 -0.58455 -0.11393 -0.82938
room 0.51518 0.80125 -0.13731 -0.472 1.0321 -0.75538 -0.58585 -0.10406 -0.22021 -0.38029 -0.82568 -0.1288 -0.059862 0.8529 0.54697 0.43243 -0.54769 0.35936 -0.14251 -1.2086 0.72885 1.0991 -0.34049 0.014483 -0.20405 -0.98005 -0.07667 1.0827 0.34461 -0.37714 2.8916 0.23911 -0.091089 -0.45495 0.24013 0.92777 0.77564 0.37424 0.84257 -0.34445 0.049718 0.27486 -0.35371 1.0032 0.081324 0.25981 0.17708 -1.1572 -0.080012 0.08214
rooms 1.2403 0.96952 0.021503 -0.45307 0.25857 -1.0916 -0.34521 -0.72187 -0.082499 -0.16297 -1.0472 -0.52606 0.49662 0.80106 0.46464 0.23231 -0.79692 0.53058 0.26397 -1.1297 0.9986 0.91609 -0.28157 0.41698 -0.83145 0.29231 0.014983 0.46353 0.047411 -0.046637 2.9319 0.3149 0.40195 -0.49527 0.6182 1.3054 1.1862 0.71165 0.26674 0.011888 0.14112 -0.18088 0.57372 1.9399 -0.16918 0.75499 -0.3572 -1.3161 -0.10095 -0.073294
run -0.39488 -0.16448 0.5962 0.65815 -0.16846 -0.15133 -1.4758 0.30485 0.21424 0.14186 -0.61187 -0.30795 -0.95699 0.5091 0.044055 -0.45553 0.2935 -0.13392 -0.5435 0.15159 0.029202 -0.18742 -0.063712 0.13006 0.21263 -1.6852 0.49537 -0.3251 0.58808 -0.41512 3.3893 0.48489 -0.30358 0.64958 -0.12071 0.02473 0.041069 0.68037 0.11627 0.19554 -0.49145 -0.051832 -0.73035 0.58392 -0.48736 0.064017 -0.41403 -0.25202 0.18886 0.010374
short 0.08226 0.52026 -0.13314 -0.78449 -0.2366 0.58779 -0.4191 -0.39373 0.054773 0.012971 -0.62161 0.23175 -0.43722 0.499 0.39791 -0.28424 -0.051524 -0.32952 -0.88485 -0.35463 0.20174 -0.1279 0.61101 -0.31412 0.40172 -1.2991 -0.072569 0.61494 0.21407 0.032626 3.4835 -0.11963 0.45864 0.47906 0.22729 0.022899 0.22242 0.53241 -0.86963 -0.45325 -0.19527 0.35825 -0.08619 -0.0019633 -0.40885 -0.43347 0.66171 -0.022696 -0.34519 0.26502
shorter 0.26101 1.0309 0.18965 -1.398 -0.47106 0.67125 -0.10063 -0.37137 -0.10223 0.072423 -0.2908 0.027798 0.16286 0.32647 0.30446 0.3582 -0.4374 -0.12352 -0.15598 -0.93115 -0.29983 -0.48728 0.53831 0.32443 0.38268 -0.36631 0.43134 0.65648 0.48901 0.19816 2.5258 0.047937 0.69903 0.67581 0.97015 -0.53025 0.34507 0.80694 -1.108 -0.13214 -0.33734 0.034792 0.42845 0.85876 -0.57474 -0.93536 1.3334 -0.29924 -1.3769 0.70936
sister 0.73844 1.2935 -0.011455 0.092898 0.57597 1.2912 -1.0506 0.57835 -0.14364 -0.46163 0.48305 0.55707 -0.32888 -0.19178 0.31023 0.079763 -1.2981 0.18495 0.52382 0.66812 -0.075753 1.4345 0.1894 0.98617 0.67427 -1.4132 -0.33093 -0.36307 -0.14782 -0.61211 1.7107 0.17398 0.23408 0.026432 0.1582 -0.50177 -0.037997 -0.00063127 0.28831 -0.57345 0.13439 0.02288 0.069726 -0.96704 0.14316 -0.26588 -0.63387 -2.0158 0.024152 0.59217
small 1.1419 0.21621 0.05988 -0.22087 0.721 0.55394 -0.85043 -0.27485 0.0788 -0.54447 -0.16458 -0.39355 0.94567 0.3132 -0.57388 0.006172 0.51563 0.59235 -0.5439 -1.1097 0.13733 -0.66901 -0.16584 0.44869 -0.42889 -1.1225 -0.43607 0.55676 0.39962 -0.25964 3.8543 -0.33091 0.38144 0.059943 0.19653 0.50617 -0.41123 0.16168 0.1503 -0.061063 -0.0063997 0.1881 -0.037663 0.29605 0.46124 0.0066039 -0.30738 -0.64137 -0.058311 -0.45848
smaller 1.1998 -0.23055 0.69906 -0.1176 0.36606 0.57779 -0.62184 -0.6137 -0.41405 -0.24856 0.14361 -0.56083 0.68587 0.43607 -0.55022 0.40384 0.26088 0.26201 -0.45767 -1.3575 0.16209 -1.1499 -0.012015 0.36464 -0.71587 -0.41222 -0.39604 0.10225 0.13425 -0.14918 3.4935 0.38427 0.69106 -0.096564 0.27325 -0.20039 -0.54823 0.14732 -0.46445 -0.022909 -0.2768 -0.039195 0.34513 0.50713 -0.072703 -0.097248 -0.2894 -0.24848 -0.3833 -0.23238
spain 1.1595 0.21344 -0.36298 1.0122 -0.18473 -0.30199 -0.35055 0.8532 -0.71617 0.35008 1.1401 -0.58245 -0.33837 -0.36144 1.1036 -0.85338 -0.37948 -1.2075 -0.44249 0.10017 -1.0162 -0.76619 -0.6012 0.76406 -0.20989 -1.0587 0.4871 -0.63722 -0.35631 0.30415 2.6428 0.52948 -0.64095 0.11115 -0.44187 -0.54406 -0.67595 0.69745 -0.37146 -0.19252 0.54152 0.29873 1.4091 -1.291 -0.57823 0.52369 -0.44592 -0.61992 0.56161 -0.94449
stories 0.50261 1.0662 0.042285 -0.028637 0.30797 0.36068 -0.68479 -0.92074 -0.60266 -0.29059 -1.671 0.76873 -0.39954 0.2379 1.3512 -0.99896 -0.61769 -0.37583 -0.23915 -0.13432 0.76279 0.61388 1.1677 0.67531 1.0723 -0.46485 -1.9363 -0.36559 0.449 -0.38645 2.6007 -0.35296 0.70696 -0.84124 -0.33799 0.76087 -0.58464 -0.66073 -0.66477 -0.20215 0.25904 0.056948 0.49633 0.36596 -0.063626 0.7929 0.43422 -0.021922 0.051973 -0.10282
story 0.48251 0.87746 -0.23455 0.0262 0.79691 0.43102 -0.60902 -0.60764 -0.42812 -0.012523 -1.2894 0.52656 -0.82763 0.30689 1.1972 -0.47674 -0.46885 -0.19524 -0.28403 0.35237 0.45536 0.76853 0.0062157 0.55421 1.0006 -1.3973 -1.6894 0.30003 0.60678 -0.46044 2.5961 -1.2178 0.28747 -0.46175 -0.25943 0.38209 -0.28312 -0.47642 -0.059444 -0.59202 0.25613 0.21306 -0.016129 -0.29873 -0.19468 0.53611 0.75459 -0.4112 0.23625 0.26451
take 0.62257 0.071858 0.024343 -0.12574 0.31062 -0.2258 -0.34277 0.50858 -0.13264 -0.068181 -0.21331 0.27151 -0.44914 0.076563 0.54888 0.58235 0.46806 -0.3486 -0.14855 -0.81118 0.26717 0.24443 0.016739 0.04569 0.23783 -1.9723 -0.067601 -0.50336 0.21409 -0.48434 3.5853 1.1371 -1.1428 -0.058785 0.2457 -0.16272 0.17293 0.18225 0.0188 -0.52325 -0.34459 0.035117 0.27834 0.18419 0.23106 0.13612 0.021502 0.18111 0.038953 0.23854
teeth 0.050643 -0.42444 -0.18872 -0.85987 0.67308 1.4208 0.6355 -0.20654 0.42862 -0.69467 -0.10477 0.27933 0.33642 0.34542 -0.47021 0.59285 0.077313 -0.21869 0.0079917 -0.65877 -0.79762 -0.18238 1.2052 -0.8694 0.25521 -0.57962 -0.98144 1.0757 -0.045287 -1.039 2.05 0.14013 0.948 0.61714 -0.33337 0.85696 0.4242 -0.021562 0.7246 -1.1763 -0.4052 -0.64046 -0.31483 1.0516 0.86913 0.04198 0.63318 -0.2119 -0.4963 -0.7607
tokyo -0.31168 0.19471 0.19075 0.68413 0.29163 -0.8988 0.22633 0.17832 -1.4774 -0.091882 0.089789 -0.94473 -0.19385 0.58078 0.20208 0.9924 -1.0311 0.42467 -1.142 0.71974 2.1561 -0.14197 -0.92983 -0.28101 -0.011046 -1.6787 0.44449 0.54703 -0.71357 -0.67743 2.3393 0.28577 1.4062 -0.0078203 -0.15283 -1.1147 0.2415 -0.65908 -0.044945 0.046839 -1.1396 -0.44836 0.91807 -0.74048 1.0508 0.052699 0.13431 0.62261 0.61384 -0.097283
took 0.10581 -0.12607 -0.15304 -0.11204 0.17447 0.11011 -0.87909 0.5273 -0.50619 -0.41388 -0.056028 -0.17814 -1.0869 -0.25415 0.43534 -0.34265 -0.27734 -0.35973 -1.1806 -0.15128 0.24127 0.50711 0.17117 -0.47705 -0.023802 -1.7512 0.099813 -0.43687 -0.19324 -0.037552 2.8149 0.41473 -0.48028 -0.014933 0.3202 0.085309 0.19205 0.53356 0.018675 0.077745 -0.25481 0.24782 -0.26002 -0.2175 0.043965 -0.090949 -0.24377 -0.58687 -0.048828 -0.38006
tooth 0.17832 0.075864 -0.54248 -0.1955 0.74182 1.3739 0.93869 -0.084108 0.57986 -0.44506 0.33093 0.28355 0.24316 -0.10954 -0.50824 0.79698 0.067386 -0.24908 -0.32832 0.18466 -0.81247 -0.38887 0.90531 -1.0235 -0.19842 -0.22894 -1.3013 0.50652 0.32334 -0.59665 1.5264 -0.32624 0.19588 0.83193 -0.29517 0.74276 0.45714 0.042357 1.2748 -0.84578 -0.20015 -0.84116 -0.73498 0.88826 1.0991 -0.19327 0.82872 -0.48766 -0.033018 -0.9482
tree 0.62231 1.1986 -0.014116 0.20125 0.69419 0.12068 -0.90399 -1.4023 0.43357 -0.48537 -0.4645 0.15756 0.54261 -0.32467 -0.025646 0.45742 0.16561 0.18819 0.062099 -0.86418 -1.0425 -0.81157 0.3126 -0.20279 0.55734 -0.28634 -0.14874 1.0098 0.25041 -0.53195 2.3793 -0.76966 -0.63219 0.3203 0.15072 0.23326 -0.26254 -0.29461 0.7671 -0.11577 -0.68129 -0.65413 -0.58914 0.24684 1.5904 0.33025 0.41513 -1.7468 0.82453 -1.0886
trees 0.87813 0.64696 0.31447 0.1683 0.1936 0.085991 -1.1177 -1.0544 0.07278 -0.58128 -0.83187 -0.37427 1.064 -1.0586 0.084875 0.29492 0.35512 0.23121 0.18424 -1.7912 -1.1568 -0.74142 0.40801 -0.64031 0.86476 0.53864 0.24997 1.0902 0.98498 -0.71896 2.834 -0.67698 0.014172 -0.068273 -0.15182 0.61362 -0.56045 -0.37151 0.39271 -0.044244 -1.0053 -0.87896 0.056767 0.1912 1.5539 0.43487 -0.065982 -1.8907 0.065657 -1.4524
uncle 0.30828 0.50937 -0.02286 -0.66421 0.95563 0.43608 -0.68614 0.73972 -0.88023 0.026364 -0.13174 1.5859 -0.12555 -0.40049 0.74548 -0.096073 -0.34112 0.29882 0.24039 0.43594 -0.22853 0.21569 -0.13658 0.27189 0.64196 -1.6696 -0.51955 -1.0778 0.4334 0.13731 0.97743 -0.27049 -0.3245 0.46832 0.57781 0.51137 -0.17575 0.21118 0.39055 0.10748 -0.054351 0.95589 -0.99623 -0.13569 0.4656 -0.085643 -0.64204 -1.8672 0.019242 0.38823
walk 0.41281 0.9111 -0.078414 -0.46515 0.61895 -0.44519 -0.87504 0.56701 0.49514 -0.21485 -0.83541 -0.29613 -0.28876 0.53828 0.43055 -0.057304 0.71466 -0.17082 -0.30146 -0.80056 -0.21391 0.41419 -0.37661 0.58611 0.87291 -0.87558 0.41582 0.36177 0.73332 -1.2614 2.5127 0.72621 -0.26803 0.41676 -0.32908 -0.084007 0.69154 0.10406 0.078041 0.38302 -0.52088 -0.09671 -0.48499 0.8369 -0.21648 -0.6175 0.28083 -1.5188 -0.36781 0.27547
walked -0.10926 0.047737 0.21253 -0.39287 1.3565 -0.25349 -1.5865 0.97751 -0.35614 -0.60663 -0.6507 -0.50638 -0.85884 0.77379 0.21754 -0.69561 -0.063985 -0.27076 -0.25315 -0.85065 -0.31324 0.89262 -0.093204 -0.067514 0.33944 -1.166 1.1361 0.84873 0.29526 -1.3572 1.8578 0.29875 0.13249 0.64662 -0.17327 -0.13654 0.41622 0.27831 0.35098 0.79082 -0.64375 0.45849 -0.61147 0.36344 0.14084 -0.77878 -0.56598 -1.2209 -0.61706 -0.27368
went -0.32756 -0.21984 0.099508 -0.24301 0.22359 -0.25579 -1.5678 0.71203 -0.60978 -0.14974 -0.1801 -0.2335 -0.93444 0.073475 0.65635 -0.20076 -0.2858 -0.30971 -1.0596 0.087789 0.37395 0.45275 0.29004 -0.1191 0.24409 -1.6391 0.25765 -0.20782 0.29576 -0.67762 2.7144 0.43182 -0.23828 0.045421 0.35536 0.022495 0.31211 0.62886 0.42454 -0.017082 -0.53178 -0.12794 -0.23537 0.019563 -0.078219 -0.052478 -0.085261 -0.61849 0.014238 -0.18098
wolf 0.34148 0.11925 -0.073513 -0.16792 0.48854 0.74276 -1.1288 -0.31763 0.077274 -0.82834 0.1078 0.45457 0.38211 0.37309 0.44625 -0.24256 0.91571 0.15676 -1.4355 -0.085898 -0.47887 -0.52017 0.34586 0.00036795 0.32528 -1.0936 -0.77271 0.089089 -0.29236 -0.45702 0.82996 -0.46237 -0.34342 0.057801 -0.69291 -0.35209 -0.23425 -0.8055 0.45333 -0.077282 -0.040126 0.33561 -0.55783 -0.24339 0.74876 -0.48417 0.22076 -0.48134 -0.4685 0.67534
wolves 0.082814 -0.34431 -0.52011 -0.69038 0.26585 0.16851 -1.3885 -0.24434 -0.024198 -0.17143 0.2365 0.36437 0.4902 -0.84983 0.21634 0.12429 1.8382 -0.41438 -2.28 0.43407 -1.3255 -0.61617 0.82286 0.35407 -0.59286 -0.3882 0.5493 0.37414 0.12852 -0.92299 0.67578 1.2405 0.057045 -0.51815 -0.022844 0.52484 -0.072169 -0.72427 -0.1208 -1.196 0.069074 -0.2149 -0.39897 0.16445 0.48723 0.18901 -0.10264 -0.14821 0.52677 -0.42321
woman -0.18153 0.64827 -0.5821 -0.49451 1.5415 1.345 -0.43305 0.58059 0.35556 -0.25184 0.20254 -0.71643 0.3061 0.56127 0.83928 -0.38085 -0.90875 0.43326 -0.014436 0.23725 -0.53799 1.7773 -0.066433 0.69795 0.69291 -2.6739 -0.76805 0.33929 0.19695 -0.35245 2.292 -0.27411 -0.30169 0.00085286 0.16923 0.091433 -0.02361 0.036236 0.34488 -0.83947 -0.25174 0.42123 0.48616 0.022325 0.5576 -0.85223 -0.23073 -1.3138 0.48764 -0.10467
women -0.95897 0.86149 -0.53064 -0.19908 0.42945 0.93177 0.067319 -0.21413 0.39488 -0.53561 0.42881 -1.3334 -0.038192 -0.15667 0.94351 -0.21873 -0.15586 0.084439 -0.058604 -0.55145 -0.53281 1.2434 0.63441 0.79234 0.0097936 -1.7124 -0.77291 -1.0024 -0.69472 -0.50487 3.0517 1.4981 -0.32957 -0.53871 -0.21201 -0.14259 -0.02706 0.5858 -0.56642 -0.55984 -0.60905 -0.57062 1.3338 0.67097 1.0643 -0.4181 -0.44273 -1.0158 -0.35795 -0.31111
worse 0.13073 -0.6867 0.33153 -0.60591 0.028873 -0.037909 -0.060968 0.28775 -0.36646 0.17306 -0.10104 -0.16842 -0.79125 -0.33732 1.4887 0.4213 0.059961 -0.42983 -0.19379 -0.11216 -0.8832 0.13482 0.42737 -0.098613 0.75041 -1.3207 -0.72838 0.46175 1.2166 0.3806 2.5416 0.63799 0.73719 -0.47253 -0.3154 -0.30303 0.0086977 0.15483 0.50704 -0.56064 -1.2399 0.00063903 0.37316 0.26583 0.22338 0.090958 -0.070189 0.29429 0.51492 0.68625
